34010010
00200008
34010002
00000000
34010020
00201009
34010002
00000000
34010003
0c00000c
34010002
00000000
34010004
08000010
34010002
00000000
34010005
10000002
34010002
00000000
34010006
04110002
34010002
00000000
34010007
34020007
34038000
10220004
34010002
00000000
00000000
00000000
34010008
1c200002
34010002
00000000
34010009
0421001a
34010002
00000000
00000000
00000000
00000000
00000000
00000000
00000000
00000000
00000000
00000000
00000000
00000000
00000000
00000000
00000000
00000000
00000000
00000000
00000000
00000000
00000000
00000000
00000000
00000000
00000000
3401000a
00031c00
04710005
3401000b
04600003
34010002
00000000
00000000
3401000c
18400006
3401000d
14200004
34010002
00000000
00000000
00000000
3401000e
04700002
34010002
00000000
3401000f
00000000
08000056
00000000
